

proteins <- c(
"B4DLN1",
"P35580-4;P35580-5;P35580-2;P35580-3",
"Q5VWP3-3;Q5VWP3-4",
"A0A0C4DH43;P04438;P01814",
"A0A0G2JRQ6",
"P01596",
"P01598",
"P04431",
"P01619",
"P04207",

"P01622",
"P01620",
"P01604",
"P01775",
"O00408-2;O00408-6",
"A0A0G2JKW5;B4DJG1",
"O00408-2",
"P01721;P06317",
"P35580-3",
"P35580-4;P35580-2",

"P06317",
"A0A0G2JIA5",
"P04430",
"P01613",
"P01605",
"P01611",
"P01598;P01596",
"P01603",
"P01616",
"P01625",

"P83593",
"P04208",
"P80748",
"P01780",
"P01612",
"O14639-6;O14639-4;O14639-5;O14639-3",
"P01623;P01620;P01622;P04206",
"P01624",
"H0Y2U5",
"P83593;P01625;P06314",

"A0A0G2JPN2",
"P01765;P01774;P01776;P01779",
"A0A0G2JPU1",
"P01781;P01782",
"P80419",
"P01767",
"P01615",
"P01621",
"P06311",
"P01719",

"P06331",
"A0A0G2JIA5;B4E0K6;A0A0G2JL52",
"A0A096LNH5;A0A096LP12",
"A0A0G2JPD5;A0A0G2JMX7",
"A0A0C4DH43;P04438",
"Q9H841-2",
"Q14938-3;Q14938-4;Q14938-5;Q14938-6",
"P18135",
"P01708",
"P01610",

"P01608",
"P01594",
"P04209",
"P01607",
"P01701",
"P06887",
"P01699",
"P01625;P06314",
"P04206",
"P01824",

"P01779",
"Q5VWP3-3",
"A0A0G2JPR0",
"Q5VWP3-4",
"P01763",
"P01772",
"P01776",
"O95819-3;O95819-5;O95819-4",
"P23083",
"O14639-6",

"P01742",
"A0A0G2JJL7",
"P01714",
"A0A0G2JSC0;A0A0G2JS06",
"P01601",
"P06314",
"P01717",
"P01603;P01623;P18135",
"P01781",
"P01703",

"P01609",
"P06889",
"A0A0G2JJV3",
"Q5VWP3-2",
"P01597",
"A0A0G2JR96;A0A0G2JQT1",
"P01710", 

# Extra missing in Perseus
"A0A096LPI6",
"A0A0G2JMC5",
"A0A0G2JPR5",
"A6NM71",
"H0YHG0",
"H3BVE0;A0A087WZT3",
"H7C0S8",
"H7C417",
"O95819-3",
"P01617",
"P01765",
"P01773",
"P01778",
"P07951-2",
"P35580-5",
"A0A0G2JKW5",
"P01623",
"P35580-4",
"Q14938-6"
)

gene.names <- c(
  "Not assigned 1",
  "MYH10",
  "MLIP",
  "IGHV2-70",
  "Not assigned 2",
  "IGKV1-5",
  "IGKV1-5",
  "IGKV1-39",
  "IGKV3-20",
  "IGKV3-15",
  
  "IGKV3-20",
  "IGKV3-20",
  "IGKV1-5",
  "IGHV3-23",
  "PDE2A",
  "Not assigned 3",
  "PDE2A",
  "IGLV6-57",
  "MYH10",
  "MYH10",
  
  "IGLV6-57",
  "VARS2",
  "IGKV1-16",
  "IGKV1D-33",
  "IGKV1D-33",
  "IGKV1D-12",
  "IGKV1-5",
  "IGKV1-33",
  "IGKV2D-28",
  "IGKV4-1",
  
  "IGKV4-1",
  "IGLV1-47",
  "IGLV3-21",
  "IGHV3-7",
  "IGKV1-39",
  "ABLIM1",
  "IGKV3-20",
  "IGKV3-15",
  "Not assigned 4",
  "IGKV4-1",
  
  "Not assigned 5",
  "IGHV3-23",
  "IGHV4-59",
  "IGHV3-7;IGHV3-9",
  "IGHV3-7",
  "IGHV3-53",
  "IGKV2D-28",
  "IGKV3-20",
  "IGKV3-20",
  "IGLV3-21",
  
  "IGHV4-34",
  "VARS2",
  "GATD3A",
  "MAPT",
  "IGHV2-70",
  "NIPAL2",
  "NFIX",
  "IGKV3-20",
  "IGLV2-11",
  "IGKV1-17",
  
  "IGKV1D-33",
  "IGKV1-33",
  "IGLV2-14",
  "IGKV1D-33",
  "IGLV1-51",
  "IGLV1-44",
  "IGLV1-44",
  "IGKV4-1",
  "IGKV3-20",
  "IGHV4-39",
  
  "IGHV3-23",
  "MLIP",
  "C4A",
  "MLIP",
  "IGHV3-48",
  "IGHV3-33",
  "IGHV3-23",
  "MAP4K4",
  "IGHV1-2",
  "ABLIM1",
  
  "IGHV1-69",
  "DDX39B",
  "IGLV3-19",
  "IGLV5-45;IGLV5-39",
  "IGKV1D-16",
  "IGKV4-1",
  "IGLV3-25",
  "IGKV1-33;IGKV3-20",
  "IGHV3-7",
  "IGLV1-40",
  
  "IGKV1D-33",
  "IGLV3-1",
  "HLA-DPB1",
  "MLIP",
  "IGKV1-39",
  "CYFIP1",
  "IGLV2-8",
  
  "Not assigned 6",
  "Not assigned 7",
  "Not assigned 8",
  "WDR45",
  "Not assigned 9",
  "BOLA2-SMG1P6",
  "Not assigned 10",
  "Not assigned 11",
  "MAP4K4",
  "IGKV2D-28",
  "IGHV3-23",
  "IGHV3-30",
  "IGHV3-23",
  "TPM2",
  "MYH10",
  "Not assigned 12",
  "IGKV3-20",
  "MYH10",
  "NFIX"
)

protein.names <- c(
  "cDNA FLJ60124, highly similar to Mitochondrial dicarboxylate carrier",
  "Myosin-10",
  "Muscular LMNA-interacting protein",
  "Immunoglobulin heavy variable 2-70",
  "Uncharacterized protein",
  "Immunoglobulin kappa variable 1-5",
  "Immunoglobulin kappa variable 1-5",
  "Immunoglobulin kappa variable 1-39",
  "Immunoglobulin kappa variable 3-20",
  "Immunoglobulin kappa variable 3-15",
  
  "Immunoglobulin kappa variable 3-20",
  "Immunoglobulin kappa variable 3-20",
  "Immunoglobulin kappa variable 1-5",
  "Immunoglobulin heavy variable 3-23",
  "cGMP-dependent 3',5'-cyclic phosphodiesterase",
  "Obsolete entry",
  "cGMP-dependent 3',5'-cyclic phosphodiesterase",
  "Immunoglobulin lambda variable 6-57",
  "Myosin-10",
  "Myosin-10",
  
  "Immunoglobulin lambda variable 6-57",
  "Valine--tRNA ligase, mitochondrial",
  "Immunoglobulin kappa variable 1-16",
  "Immunoglobulin kappa variable 1D-33",
  "Immunoglobulin kappa variable 1D-33",
  "Immunoglobulin kappa variable 1D-12",
  "Immunoglobulin kappa variable 1-5",
  "Immunoglobulin kappa variable 1-33",
  "Immunoglobulin kappa variable 2D-28",
  "Immunoglobulin kappa variable 4-1",
  
  "Immunoglobulin kappa variable 4-1",
  "Immunoglobulin lambda variable 1-47",
  "Immunoglobulin lambda variable 3-21",
  "Immunoglobulin heavy variable 3-7",
  "Immunoglobulin kappa variable 1-39",
  "Actin-binding LIM protein 1",
  "Immunoglobulin kappa variable 3-20",
  "Immunoglobulin kappa variable 3-15",
  "Uncharacterized protein",
  "Immunoglobulin kappa variable 4-1",
  
  "Obsolete entry",
  "Immunoglobulin heavy variable 3-23",
  "Immunoglobulin heavy variable 4-59",
  "Immunoglobulin heavy variable 3-7;Immunoglobulin heavy variable 3-9",
  "Immunoglobulin heavy variable 3-7",
  "Immunoglobulin heavy variable 3-53",
  "Immunoglobulin kappa variable 2D-28",
  "Immunoglobulin kappa variable 3-20",
  "Immunoglobulin kappa variable 3-20",
  "Immunoglobulin lambda variable 3-21",
  
  "Immunoglobulin heavy variable 4-34",
  "Valine--tRNA ligase, mitochondrial",
  "Glutamine amidotransferase-like class 1 domain-containing 3A",
  "Microtubule-associated protein",
  "Immunoglobulin heavy variable 2-70",
  "NIPA-like protein 2",
  "Nuclear factor 1 X-type",
  "Immunoglobulin kappa variable 3-20",
  "Immunoglobulin lambda variable 2-11",
  "Immunoglobulin kappa variable 1-17",
  
  "Immunoglobulin kappa variable 1D-33",
  "Immunoglobulin kappa variable 1-33",
  "Immunoglobulin lambda variable 2-14",
  "Immunoglobulin kappa variable 1D-33",
  "Immunoglobulin lambda variable 1-51",
  "Immunoglobulin lambda variable 1-44",
  "Immunoglobulin lambda variable 1-44",
  "Immunoglobulin kappa variable 4-1",
  "Immunoglobulin kappa variable 3-20",
  "Immunoglobulin heavy variable 4-39",
  
  "Immunoglobulin heavy variable 3-23",
  "Muscular LMNA-interacting protein",
  "Complement C4-A",
  "Muscular LMNA-interacting protein",
  "Immunoglobulin heavy variable 3-48",
  "Immunoglobulin heavy variable 3-33",
  "Immunoglobulin heavy variable 3-23",
  "Mitogen-activated protein kinase kinase kinase kinase 4",
  "Immunoglobulin heavy variable 1-2",
  "Actin-binding LIM protein 1",
  
  "Immunoglobulin heavy variable 1-69",
  "Spliceosome RNA helicase DDX39B",
  "Immunoglobulin lambda variable 3-19",
  "Immunoglobulin lambda variable 5-45;Immunoglobulin lambda variable 5-39",
  "Immunoglobulin kappa variable 1D-16",
  "Immunoglobulin kappa variable 4-1",
  "Immunoglobulin lambda variable 3-25",
  "Immunoglobulin kappa variable 1-33;Immunoglobulin kappa variable 3-20",
  "Immunoglobulin heavy variable 3-7",
  "Immunoglobulin lambda variable 1-40",
  
  "Immunoglobulin kappa variable 1D-33",
  "Immunoglobulin lambda variable 3-1",
  "HLA class II histocompatibility antigen, DP beta 1 chain",
  "Muscular LMNA-interacting protein",
  "Immunoglobulin kappa variable 1-39",
  "Cytoplasmic FMR1-interacting protein 1",
  "Immunoglobulin lambda variable 2-8",
  
  "Uncharacterized protein",
  "Obsolete entry",
  "Obsolete entry",
  "PRA1 family protein",
  "Uncharacterized protein",
  "BOLA2-SMG1P6 readthrough",
  "Uncharacterized protein",
  "Uncharacterized protein",
  "Mitogen-activated protein kinase kinase kinase kinase 4",
  "Immunoglobulin kappa variable 2D-28",
  "Immunoglobulin heavy variable 3-23",
  "Immunoglobulin heavy variable 3-30",
  "Immunoglobulin heavy variable 3-23",
  "Tropomyosin beta chain",
  "Myosin-10",
  "Obsolete entry",
  "Immunoglobulin kappa variable 3-20",
  "Myosin-10",
  "Nuclear factor 1 X-type"
)
